Simit-sil-hak																																																																																																																																																																																																																			
3b784d64-95fc-441c-801b-a149e44ac9aa																																																																																																																																																																																																																			birth
4cba9b80-6a5a-4b0a-a4a6-70834c49ed6f																																																																																																																																																																																																																		birth	1
33d99b34-4588-4253-91be-895e9e41198f																																																																																																																																																																																																																	birth	1	2
e5f6954c-fdb2-482c-ae74-603baa24ca2c																																																																																																																																																																																																																birth	1	2	3
21eedac6-457f-4b53-8980-54129dcb907d																																																																																																																																																																																																															birth	1	2	3	4
a32ad3a6-234f-4197-ba96-69451575ff46																																																																																																																																																																																																														birth	1	2	3	4	death
21706920-8160-4402-bf7c-81f77e495aa7																																																																																																																																																																																																														birth	1	2	3	4	5
fa481f3e-0fb2-424d-8770-a8fbabdfe75a																																																																																																																																																																																																													birth	1	2	3	4	5	6
f151f187-4ec8-449f-ba0b-75e4bb920a3f																																																																																																																																																																																																												birth	death						
ddccf07b-1305-45a1-b6d9-b3cb47ae325a																																																																																																																																																																																								birth	1	2	3	4	5	6	7	8	9	10	11	12	13	14	15	16	17	18	19	20	21	22	23	24	25	26	27
d56a8736-e89d-4210-bb89-5d1338030a20																																																																																																																																																																																																										birth	1	2	3	4	5	6	7	8	death
96cbba29-31f5-405d-91e1-46b7b81537ec																																																																																																																																																																																													birth	1	2	3	4	5	6	7	8	9	10	11	12	13	14	15	16	17	18	death			
47ef031f-4bef-43f5-b753-391a85397bf8																																																																																																																																																																																								birth	1	2	3	4	5	6	7	8	9	10	11	12	13	14	15	16	17	18	19	20	21	22	23	24	25	26	27
c930e288-48f3-4b80-8326-2df4d33769b0																																																																																																																																																																																																								birth	1	2	3	4	death						
0cff99b4-cbf9-42b8-98aa-30b1032349c2																																																																																																																																																																																																							birth	1	2	3	4	5	6	7	8	9	10	11	12
746d2370-f24a-4b39-b796-ac6cd1b9d3e4																																																																																																																																																																																																						birth	1	2	3	4	5	6	7	8	9	10	11	12	13
ea31e230-8964-4114-9719-a4f6b37dfaed																																																																																																																																																																																																						birth	1	2	3	4	5	6	7	8	9	10	11	12	13
5a4e1cde-fddc-4bf8-b4c9-56872e5b4bb0																																																																																																																																																																																	birth	1	2	3	4	5	6	7	8	9	10	11	12	13	14	15	16	17	18	19	20	21	22	23	24	death									
215629e3-8a6a-494c-9961-2f4749683729																																																																																																																																																																																		birth	1	2	3	4	5	6	7	8	9	10	11	12	13	14	15	16	17	18	19	20	21	death											
9a92d5ce-ec0b-4537-8244-39ec29bff9f4																																																																																																																																																																																																				birth	1	2	3	4	5	6	7	8	9	10	11	12	13	14	15
63848c91-5e0c-4d5f-bfeb-1c674ca161d6																																																																																																																																																																																																				birth	1	death													
da038cfd-a2ed-40cc-b68a-683ed3100f0d																																																																																																																																																																																																			birth	1	2	3	4	5	6	7	8	9	10	11	12	13	14	15	16
b4ce0ccf-d902-4398-9972-d4605c1eb850																																																																																																																																																																																																		birth	1	2	3	4	5	6	death										
389f0eaf-dbf3-4ae1-be1f-ac2184471876																																																																																																																																																																																																		birth	1	2	3	4	5	6	7	8	9	10	11	12	13	14	15	16	17
0f111020-23c0-4f0f-a238-e68963c375d3																																																																																																																																																																																																	birth	1	2	death															
f3def5e4-bd94-4023-a30a-9450f6062c97																																																																																																																																																																																																birth	1	2	3	4	5	6	death												
fdae0a86-7983-4518-90f2-2eb60efea95f																																																																																																																																																																														birth	1	2	3	4	5	6	7	8	9	10	11	12	13	14	15	16	17	18	19	20	21	22	23	24	25	26	27	28	29	30	31	32	33	34	35	36	37
c308298d-4fec-497b-9e64-0f6ece2cfe79																																																																																																																																																																													birth	1	2	3	4	5	6	7	8	9	10	11	12	13	14	15	16	17	18	19	20	21	22	23	24	25	death												
5af00d34-ece3-44af-a383-9a14d130c943																																																																																																																																																																																															birth	1	2	3	4	5	6	7	8	9	10	11	12	13	14	15	death				
78d89269-1924-4464-878e-fd159a656064																																																																																																																																																																													birth	1	2	3	4	5	6	7	8	9	10	11	12	13	14	15	16	17	18	19	20	21	22	23	death														
55df240a-06fc-4e2b-b55b-66de5fff3283																																																																																																																																																																																													birth	1	death																				
6344cf9a-77de-4c53-b4e2-aa637bf6a162																																																																																																																																																																												birth	1	2	3	4	5	6	7	8	9	10	11	12	13	14	15	16	17	18	19	20	21	22	23	24	25	26	27	28	death										
74f33bca-db90-4fbd-b031-df587a9be70b																																																																																																																																																																									birth	1	2	3	4	5	6	7	8	9	10	11	12	13	14	15	16	17	18	19	20	21	22	23	24	25	26	27	28	29	30	31	death										
76385343-a040-43d3-8fa5-42ba10dfc049																																																																																																																																																																												birth	1	2	3	4	5	6	7	8	9	10	11	12	13	14	15	16	17	18	19	20	death																		
b3f7331f-b940-4c32-80c5-2fb1496aabe6																																																																																																																																																																							birth	1	2	3	4	5	6	7	8	9	10	11	12	13	14	15	16	17	18	19	20	21	22	23	24	25	26	27	28	29	30	31	32	33	34	35	36	death							
6b036b0d-bdde-4298-a71a-dc7d4eeda564																																																																																																																																																																			birth	1	2	3	4	5	6	7	8	9	10	11	12	13	14	15	16	17	18	19	20	21	22	23	24	25	26	27	28	29	30	31	32	33	34	35	36	37	38	39	40	41	42	43	44	45	46	47	48
d383e42f-de10-4c9e-bb79-ff3cefcfb8cd																																																																																																																																																																																						birth	1	2	3	4	5	6	death																						
67ba7f1c-9328-409f-b83f-e3c8458326c8																																																																																																																																																																																						birth	1	death																											
181907fc-c718-4b10-81f4-1b10d2f71943																																																																																																																																																																																				birth	1	2	3	4	5	6	7	8	9	10	11	12	13	14	15	16	17	18	19	20	21	22	23	24	25	26	27	28	29	30	31
4f89b8db-ba5f-486d-aed2-71578ef53506																																																																																																																																																																																				birth	1	death																													
399510ec-647e-48cc-a7de-24e7e6091dec																																																																																																																																																																																			birth	1	2	3	4	5	death																										
003a01f1-1c1a-4b78-988d-89c87ce01357																																																																																																																																																																																		birth	1	2	3	4	5	6	7	8	9	10	11	12	13	14	death																		
6f13a7bb-f975-4aee-b94a-7ae42d020846																																																																																																																																																																	birth	1	2	3	4	5	6	7	8	9	10	11	12	13	14	15	16	17	18	19	20	21	22	23	24	death																									
589f7d9b-bd45-405e-9900-ea4087b6396e																																																																																																																																																																																		birth	1	2	3	4	5	6	7	8	9	death																							
a275232c-32f7-4fee-ae4c-9977973871a0																																																																																																																																																																																birth	1	2	3	4	5	death																													
2229d359-9238-456e-8c71-027b966f1d96																																																																																																																																																															birth	1	2	3	4	5	6	7	8	9	10	11	12	13	14	15	16	17	18	19	20	21	22	23	24	25	26	27	28	death																							
6856c8cc-8da8-413d-85ee-1ef8b868c908																																																																																																																																																																																birth	death																																		
cfa32546-78aa-4ea2-8194-d1d2ec5fe4af																																																																																																																																																												birth	1	2	3	4	5	6	7	8	9	10	11	12	13	14	15	16	17	18	19	20	21	22	23	24	25	26	27	28	29	30	death																								
eb6d408e-d4bb-42d0-b3f9-a36b3f0bb024																																																																																																																																																																														birth	1	2	3	4	5	6	7	8	9	10	11	12	13	death																							
9f874ba2-b9ea-4d48-a9c1-54f532dd66f1																																																																																																																																																																														birth	1	2	3	4	5	death																															
7ce739b9-d0bc-41a4-b02f-931076d75a0e																																																																																																																																																																												birth	1	2	3	4	5	6	7	8	9	10	11	12	13	14	15	16	17	18	death																				
879c2a9f-c7f6-47b6-8226-7eed8b896dab																																																																																																																																																																												birth	1	2	3	4	5	6	7	8	9	10	11	12	13	14	15	16	17	18	19	20	21	22	23	24	25	26	27	28	29	30	31	32	33	34	35	36	37	38	death
8e307c51-835c-4a7f-843f-4b7321f1b2fe																																																																																																																																																												birth	1	2	3	4	5	6	7	8	9	10	11	12	13	14	15	16	17	18	19	20	21	22	23	24	25	26	27	28	29	30	31	32	33	34	35	36	37	38	39	40	41	42	death												
e449b748-a6ba-437d-8d4b-c7097f1de121																																																																																																																																																																										birth	1	2	3	4	5	6	7	8	9	10	11	12	13	14	15	16	17	18	19	20	21	22	23	24	25	26	27	28	29	30	31	32	33	34	35	36	37	38	39	40	41
3bf8e25f-6bdb-4f41-b0f8-c6be0f5dc784																																																																																																																																																											birth	1	2	3	4	5	6	7	8	9	10	11	12	13	14	15	16	17	18	19	20	21	22	death																																	
333328cc-0923-4794-a105-f897f283e576																																																																																																																																																																										birth	1	2	3	4	5	6	7	8	9	10	11	12	13	death																											
71dc04db-beb3-4d61-8704-c8228c573587																																																																																																																																																								birth	1	2	3	4	5	6	7	8	9	10	11	12	13	14	15	16	17	death																																									
d6d14502-7d85-4be8-afdd-e64dd1c6ddb7																																																																																																																																																																								birth	1	2	3	4	5	6	7	8	9	10	11	12	13	14	15	16	17	18	19	20	21	22	23	24	25	26	27	28	29	30	death												
ad2e9f43-afdc-4e2d-945f-41e4ea3af4b6																																																																																																																																																								birth	1	2	3	4	5	6	7	8	9	10	11	12	13	14	15	16	17	18	19	20	21	22	23	24	25	26	27	28	29	30	31	32	33	34	35	36	37	38	39	40	41	42	43	44	45	46	47	48	49	50	death								
b454fd4f-2ea4-45a9-b480-105f56db7475																																																																																																																																																					birth	1	2	3	4	5	6	7	8	9	10	11	12	13	14	15	16	17	18	19	20	21	22	23	24	25	26	27	28	29	30	death																															
d28e24cb-d90e-4db5-8108-b26f2c835a42																																																																																																																																																																						birth	1	2	3	4	5	6	7	8	9	10	11	12	13	14	15	16	17	18	19	20	21	22	23	24	25	26	27	28	29	30	31	32	33	34	35	36	37	38	39	40	41	42	43	44	death
2568b974-51d3-4d5c-9352-8b9933d4df84																																																																																																																																																																				birth	1	2	death																																												
22fad9a2-292b-40ca-a91a-ee919774c4f7																																																																																																																																																																		birth	death																																																
82bd9c20-69b3-4666-827e-67c14773a1af																																																																																																																																																																birth	1	2	3	4	5	6	7	8	9	10	11	12	13	14	15	16	17	18	19	death																															
bfdd1090-2cd4-41ee-8cfe-9f60ee86869f																																																																																																																																																															birth	1	2	3	4	5	death																																														
4d14c359-84b5-42b8-86ee-593aeeb236f8																																																																																																																																												birth	1	2	3	4	5	6	7	8	9	10	11	12	13	14	15	16	17	18	19	20	21	22	23	24	25	26	27	28	29	30	31	32	33	34	35	36	37	38	39	40	41	42	43	44	45	46	47	48	49	50	51	52	53	54	55	56	57	death													
5c5a3d6a-caf4-42f9-bd9f-2bf451423fd2																																																																																																																																																														birth	1	2	3	4	5	6	7	8	9	10	11	12	13	14	15	16	17	18	19	20	21	22	23	24	25	26	27	28	29	30	31	32	33	34	35	36	37	38	death														
f3024a34-5fea-4fae-bce6-c8dcb384b920																																																																																																																																										birth	1	2	3	4	5	6	7	8	9	10	11	12	13	14	15	16	17	18	19	20	21	22	23	24	25	26	27	death																																													
09f05358-f16a-4fbd-814a-6d8db67fc8e9																																																																																																																																																										birth	1	2	3	4	5	6	7	8	9	10	11	12	13	14	15	16	17	18	19	20	21	22	23	24	25	26	27	28	29	30	31	death																									
795d2c95-e878-4274-9d0f-bd7e0e06bd5f																																																																																																																																																									birth	1	2	3	4	5	6	7	8	9	10	11	12	13	14	15	16	17	18	19	20	21	22	23	24	25	26	27	28	29	death																												
de349b0b-0dc0-4231-baeb-d6cfcdf52e1f																																																																																																																																									birth	1	2	3	4	5	6	7	8	9	10	11	12	13	14	15	16	17	18	19	20	21	22	death																																																			
4c29f7d5-8398-4f10-8ed1-731f309c3bfb																																																																																																																																																					birth	1	2	3	4	5	6	7	8	9	10	11	12	13	14	15	16	17	18	19	20	21	22	23	24	25	26	27	28	29	30	31	32	33	34	35	36	37	38	39	40	41	42	43	44	45	46	47	48	death													
96ef606a-26bf-4863-b3ba-b01e7aa0858c																																																																																																																																																			birth	1	2	3	4	5	6	7	8	9	10	11	12	13	14	15	death																																																
371f4a1e-b4f5-4c6b-8a5a-5dbd0fd2308d																																																																																																																																																	birth	1	2	3	4	5	6	7	8	9	10	11	12	13	14	15	16	17	18	19	20	21	22	23	24	25	26	27	28	29	30	31	32	33	34	35	36	37	38	39	40	41	42	43	44	45	46	47	48	49	50	51	52	death													
15f911bd-17e6-45d9-bc51-b883645bd616																																																																																																																																																birth	1	2	3	death																																																															
8c0431f2-5220-45e3-bdef-484a20572a32																																																																																																																												birth	1	2	3	4	5	6	7	8	9	10	11	12	13	14	15	16	17	18	19	20	21	22	23	24	25	26	27	28	29	30	31	32	33	34	death																																																				
dcaed0ca-c07e-4f09-a0ad-cf577e14494c																																																																																																																																														birth	1	2	3	4	5	6	7	8	9	10	11	12	13	14	15	death																																																					
d46c3476-9013-4f1c-ad09-c03b80097c92																																																																																																																																												birth	death																																																																						
11328ef0-838a-461f-8968-f7ad26c371b3																																																																																																																																												birth	1	2	3	4	5	6	7	8	9	10	11	12	13	14	15	16	17	18	19	20	21	22	23	24	25	26	27	28	29	30	31	32	33	death																																					
29c73c5b-52e3-479b-bdda-b2784e052d3a																																																																																																																																										birth	1	2	3	4	5	6	7	8	9	10	11	12	13	14	15	16	17	death																																																							
34c82fd2-8eed-4655-b246-e90473069cd9																																																																																																																																									birth	death																																																																									
097bd5e5-7680-4008-9c7f-9f4b293dd9cb																																																																																																																																								birth	1	2	3	4	5	6	7	8	9	10	11	12	13	14	15	16	17	18	19	20	21	22	death																																																				
e3c2827c-b31a-446e-91ed-dbe1bee40a82																																																																																																																																							birth	1	2	3	4	5	6	7	8	9	10	11	12	13	14	15	16	17	18	death																																																									
4754b31a-0ba0-4de8-8ae5-20c7db9759b8																																																																																																																			birth	1	2	3	4	5	6	7	8	9	10	11	12	13	14	15	16	17	18	19	20	21	22	23	24	25	26	27	28	29	30	31	32	33	34	35	36	37	38	39	40	41	death																																																						
ce46daaf-b901-452d-a0e3-24dd9aed90e3																																																																																																																						birth	1	2	3	4	5	6	7	8	9	10	11	12	13	14	15	16	17	18	19	20	21	22	23	24	25	26	27	28	29	30	31	32	33	34	35	36	37	38	39	40	41	42	death																																																		
cc818ec8-26f2-4d36-9f98-9fb8220076a8																																																																																																																																					birth	1	2	3	4	5	6	7	8	9	10	death																																																																			
96f70a97-c3d6-4770-a1cf-1a79aec71045																																																																																																																birth	1	2	3	4	5	6	7	8	9	10	11	12	13	14	15	16	17	18	19	20	21	22	23	24	25	26	27	28	29	30	31	32	33	34	35	36	37	38	39	40	41	42	43	44	45	46	death																																																				
eedf5a8b-3f3f-4634-bcf8-89171607d1ce																																																																																																										birth	1	2	3	4	5	6	7	8	9	10	11	12	13	14	15	16	17	18	19	20	21	22	23	24	25	26	27	28	29	30	31	32	33	death																																																																							
8354e472-28af-4595-b5b3-2aca5e83b8ea																																																																																																									birth	1	2	3	4	5	6	7	8	9	10	11	12	13	14	15	16	17	18	19	20	21	22	23	24	25	26	27	28	29	30	31	32	33	34	35	36	37	38	death																																																																			
a23d8df6-39ab-4a2d-813a-fafa57f937ee																																																																																																																								birth	1	death																																																																																									
0fa127df-5882-4138-9967-b60a9c24136c																																																																																																																				birth	1	2	3	4	5	6	7	8	9	10	11	12	13	14	15	16	17	18	19	20	21	22	23	24	25	26	27	28	29	30	31	32	33	34	35	36	37	38	39	40	41	42	death																																																				
485155f5-0e68-484b-bb27-4e45642c7945																																																																																																			birth	1	2	3	4	5	6	7	8	9	10	11	12	13	14	15	16	17	18	19	20	21	22	23	24	25	26	27	28	29	30	31	32	33	34	35	36	37	38	39	40	41	42	43	44	45	46	47	48	49	50	51	52	53	54	55	56	57	58	59	60	61	62	63	64	65	66	67	68	69	70	71	72	73	74	death																																					
d21691bf-ea2a-4d68-9cac-7717319b05a8																																																																																																																	birth	1	2	3	4	5	6	7	8	9	10	11	12	13	14	15	16	17	18	19	20	21	22	23	24	25	26	27	28	29	30	31	32	33	34	35	36	37	38	39	40	41	death																																																								
c8b4e6a8-0b8e-4276-9b75-00db600dffae																																																																																																																birth	1	2	3	4	5	6	7	8	9	10	death																																																																																								
bcab825e-ea17-4404-8658-295afe320377																																																																																																															birth	1	2	3	4	5	6	7	death																																																																																												
12201cdc-6134-4a63-8495-8359be6d55d5																																																																																															birth	1	2	3	4	5	6	7	8	9	10	11	12	13	14	15	16	17	18	19	death																																																																																																
2f18e642-6b8b-4c6d-92b1-9bb1492cfc25																																																																																																														birth	death																																																																																																				
09078a49-1deb-4acb-a4bf-c85cb4d61838																																																																																																													birth	1	2	3	4	death																																																																																																	
93bb2e0d-8158-41bc-b031-323c3b9a9834																																																																																										birth	1	2	3	4	5	6	7	8	9	10	11	12	13	14	15	16	17	18	19	20	21	22	23	death																																																																																																	
c2fc5845-9944-4ec1-a3d3-f437a7b1ebc0																																																																																																											birth	1	2	3	4	5	6	7	death																																																																																																
8f893570-971b-4967-830f-919530d057e1																																																																																									birth	1	2	3	4	5	6	7	8	9	10	11	12	13	14	15	16	17	18	19	20	21	22	23	24	25	26	27	28	29	30	31	32	death																																																																																									
25031b01-a56a-4236-8d4a-13f4e5343705																																																																																									birth	1	2	3	4	5	6	7	8	9	10	11	12	13	14	15	16	17	death																																																																																																								
e46a6892-68db-4697-89af-7e2f10573c65																																																																																							birth	1	2	3	4	5	6	7	8	9	10	11	12	13	14	15	16	17	18	19	20	death																																																																																																							
882535dc-f7cb-4b98-a59b-26ae9f223429																																																																																																								birth	1	2	3	4	5	6	7	8	9	10	11	12	13	14	15	16	17	18	death																																																																																								
25c0e3f0-7edf-4504-8538-8d41e8b96e36																																																																																							birth	1	2	3	4	5	6	7	8	9	10	11	12	13	14	15	16	17	18	19	20	21	22	23	24	25	26	27	28	29	30	31	32	33	34	35	36	37	38	39	40	41	42	43	44	45	46	47	48	49	50	51	52	53	54	55	56	57	58	59	60	61	62	63	64	65	66	67	68	69	70	71	72	73	74	75	76	77	78	79	80	death																																											
045b0d26-6a90-41e7-b7d2-42c925079d6b																																																																																																						birth	1	2	3	4	5	6	death																																																																																																						
abae2b83-2c31-43e8-81c1-1c9ff0a157d1																																																																																								birth	1	2	3	4	5	6	7	8	9	10	11	12	13	14	15	16	17	18	19	20	21	22	23	24	25	26	27	28	29	30	31	32	33	34	35	36	37	38	39	40	41	42	43	44	death																																																																														
ba8c7195-38c8-4fc7-aff9-740fa605d7f9																																																																																																				birth	death																																																																																																														
8a9e150c-2ab6-45a7-b660-6021242e507f																																																																																																		birth	1	2	death																																																																																																														
96aab8fe-206f-4703-b05f-a477443b19f7																																																																																																birth	1	2	3	4	5	6	7	8	9	10	11	12	13	death																																																																																																					
f1dbea25-2747-453a-a6b7-ea860b3be71e																																																																																														birth	1	2	3	4	5	6	7	8	9	10	11	12	13	14	15	16	17	18	death																																																																																																		
b629a9e9-bfa8-4a64-b26d-673fbdb8448c																																																																																												birth	1	2	3	4	5	6	7	8	9	10	11	12	13	14	15	16	17	18	19	20	21	22	23	24	25	26	27	death																																																																																											
ea3a6c40-0fc1-45cb-8395-0be89805a848																																																																																										birth	1	death																																																																																																																							
6b80ede4-083c-484d-9b30-49f322a312fc																																																																										birth	1	2	3	4	5	6	7	8	9	10	11	12	13	14	15	16	17	18	19	20	21	22	23	24	25	26	27	death																																																																																																													
fd51ec14-c56d-4eca-8b34-1bab3d628257																																																																									birth	1	2	3	4	5	6	7	8	9	10	11	12	13	14	15	16	17	18	19	20	21	22	23	24	25	26	27	28	29	30	31	32	33	34	35	36	37	38	death																																																																																																			
0cb9bc5d-9f6b-4ffb-a214-f26552fc2f81																																																																																								birth	1	2	3	4	5	6	death																																																																																																																				
943f27e6-74d2-4612-a82d-625638fe90fb																																																																																						birth	1	2	3	4	5	6	7	8	9	10	11	12	13	14	15	16	death																																																																																																												
08624d27-d2c5-40e7-a534-b2cbd871c414																																																																																				birth	1	2	3	4	5	6	7	8	9	10	death																																																																																																																				
77700085-a706-4035-8160-debc0b297671																																																																																		birth	1	2	3	4	5	6	7	8	9	10	11	12	13	14	15	16	17	18	19	20	21	death																																																																																																											
c72bb939-acfc-4292-abce-aafa83072a95																																																																																birth	1	2	3	death																																																																																																																															
21da8f6d-d62d-4299-bec2-809373cd527b																																																												birth	1	2	3	4	5	6	7	8	9	10	11	12	13	14	15	16	17	18	19	20	21	22	23	24	25	26	27	28	29	30	31	32	death																																																																																																																						
26ae65b4-0483-406f-afc8-d65c85998f99																																																								birth	1	2	3	4	5	6	7	8	9	10	11	12	13	14	15	16	17	18	19	20	21	22	23	24	25	26	27	28	29	30	death																																																																																																																												
a9e3d3f1-a097-421f-b60f-0062bee1867c																																																																										birth	1	2	death																																																																																																																																						
2892e5a3-f522-4e43-96d6-f0c3f7e3051a																																																																								birth	1	2	3	4	5	6	7	8	9	10	11	12	13	14	15	16	17	18	19	20	21	22	23	24	25	26	27	death																																																																																																															
56a57d08-2f17-4a26-9271-d9c96adb3d8b																																																																						birth	1	2	3	death																																																																																																																																									
a97544d2-278c-4bb7-9acc-09be8d0bab56																																																																				birth	1	2	3	death																																																																																																																																											
52c4b12f-4bdc-4940-a19a-dbd8fea59f0e																																																																		birth	1	2	3	4	5	6	7	8	9	10	11	12	13	death																																																																																																																																			
a783547e-c619-4fc0-bb63-fd68bdf73e25																																															birth	1	2	3	4	5	6	7	8	9	10	11	12	13	14	15	16	17	18	19	20	21	22	23	24	25	26	27	28	death																																																																																																																																							
4e6f8908-72d3-49a1-9be1-de93c7cd311f																																													birth	1	2	3	4	5	6	7	8	9	10	11	12	13	14	15	16	17	18	19	death																																																																																																																																																		
a6562fd5-4a9a-4cbb-9a7a-f33c9534ecb3																															birth	1	2	3	4	5	6	7	8	9	10	11	12	13	14	15	16	17	18	19	20	21	22	death																																																																																																																																																													
0569217c-a26c-4ab3-9c9c-b94837ff23ed																					birth	1	2	3	4	5	6	7	8	9	10	11	12	13	14	15	16	17	18	19	20	21	22	23	24	25	26	27	28	29	30	31	32	33	34	35	36	37	38	39	40	41	42	43	44	45	46	47	48	death																																																																																																																																													
6deb98d6-761e-4a29-a209-da326c85c947																																										birth	1	2	3	4	5	6	7	8	9	10	11	12	13	14	15	16	17	18	19	20	21	22	23	24	25	26	27	28	29	30	31	death																																																																																																																																									
cdc56839-3b98-4d38-bcc1-ff3f033e8f38																																								birth	1	2	3	4	death																																																																																																																																																																						
f2cc4b90-201a-4fab-8878-53b81b0e25d1																																						birth	death																																																																																																																																																																												
ccff4a1f-aa3c-4d6a-814d-f69be66e0cf0																		birth	1	2	3	4	5	6	7	8	9	10	11	12	13	14	15	16	17	18	19	20	21	22	23	death																																																																																																																																																																									
7c2e973b-6b5e-4a95-9afb-715023d72bd0												birth	1	2	3	4	5	6	7	8	9	10	11	12	13	14	15	16	17	18	19	20	21	22	23	24	25	26	27	death																																																																																																																																																																											
c9069a07-1809-4920-adc5-218a2939f6a6											birth	1	2	3	4	5	6	7	8	9	10	11	12	13	14	15	16	17	18	death																																																																																																																																																																																					